0 60.29013061523438
1.1323835194460719 60.28917694091797
2.2647670388921437 60.28786849975586
3.3971505583382156 60.28620147705078
4.529534077784287 60.28544616699219
5.661917597230359 60.28729629516602
6.794301116676431 60.28889465332031
7.926684636122503 60.29024124145508
9.059068155568575 60.29133987426758
10.191451675014648 60.29218292236328
11.323835194460719 60.29277420043945
12.45621871390679 60.29311370849609
13.588602233352862 60.29320526123047
14.720985752798935 60.29328155517578
15.853369272245006 60.29329299926758
16.985752791691077 60.29318618774414
18.11813631113715 60.29296493530273
19.250519830583222 60.29262161254883
20.382903350029295 60.29216384887695
21.515286869475364 60.29158782958984
22.647670388921437 60.2908935546875
23.78005390836751 60.28225326538086
24.91243742781358 60.2525634765625
26.04482094725965 60.22325134277344
27.177204466705724 60.19431304931641
28.309587986151797 60.16574859619141
29.44197150559787 60.1375617980957
30.57435502504394 60.10974884033203
31.706738544490012 60.08230972290039
32.83912206393608 60.05524826049805
33.971505583382154 60.01177978515625
35.10388910282823 59.96411895751953
36.2362726222743 59.91781997680664
37.36865614172037 59.87288665771484
38.501039661166445 59.82931518554688
39.63342318061252 59.78710556030273
40.76580670005859 59.74626159667969
41.898190219504656 59.70678329467773
43.03057373895073 59.67174530029297
44.1629572583968 59.64766311645508
45.295340777842874 59.62457275390625
46.42772429728895 59.60247421264648
47.56010781673502 59.58137130737305
48.69249133618109 59.56126022338867
49.82487485562716 59.54214477539062
50.95725837507323 59.52402114868164
52.0896418945193 59.50689315795898
53.222025413965376 59.49045944213867
54.35440893341145 59.47406768798828
55.48679245285752 59.45770645141602
56.619175972303594 59.44137191772461
57.75155949174967 59.4250602722168
58.88394301119574 59.40877914428711
60.016326530641805 59.39252471923828
61.14871005008788 59.37629699707031
62.28109356953395 59.36362838745117
63.413477088980024 59.36461639404297
64.5458606084261 59.36837387084961
65.67824412787216 59.37485504150391
66.81062764731824 59.38153839111328
67.94301116676431 59.38842391967773
69.07539468621039 59.39551162719727
70.20777820565645 59.40280532836914
71.34016172510253 59.41030120849609
72.4725452445486 59.49729919433594
73.60492876399466 59.61861419677734
74.73731228344074 59.7382698059082
75.86969580288681 59.85626602172852
77.00207932233289 59.97260284423828
78.13446284177896 60.0872802734375
79.26684636122503 60.20030212402344
80.3992298806711 60.31166076660156
81.53161340011718 60.40437316894531
82.66399691956325 60.41519927978516
83.79638043900931 60.42579650878906
84.92876395845539 60.4361572265625
86.06114747790146 60.44628143310547
87.19353099734754 60.4561767578125
88.3259145167936 60.46583938598633
89.45829803623968 60.47526550292969
90.59068155568575 60.48445892333984
91.72306507513181 60.47556304931641
92.8554485945779 60.45692825317383
93.98783211402396 60.43785095214844
95.12021563347004 60.41833114624023
96.2525991529161 60.39836883544922
97.38498267236218 60.37796783447266
98.51736619180825 60.35712432861328
99.64974971125432 60.33583450317383
100.7821332307004 60.3177490234375
101.91451675014646 60.32103729248047
103.04690026959254 60.32307815551758
104.1792837890386 60.32386779785156
105.31166730848469 60.32635116577148
106.44405082793075 60.33595275878906
107.57643434737683 60.34468841552734
108.7088178668229 60.35255432128906
109.84120138626896 60.35955429077148
110.97358490571504 60.38385009765625
112.10596842516111 60.41731262207031
113.23835194460719 60.44879531860352
114.37073546405325 60.47829437255859
115.50311898349933 60.50580978393555
116.6355025029454 60.53134536743164
117.76788602239148 60.55489730834961
118.90026954183755 60.57646560668945
120.03265306128361 60.59548187255859
121.16503658072969 60.60824584960938
122.29742010017576 60.61987686157227
123.42980361962184 60.63037490844727
124.5621871390679 60.63973999023438
125.69457065851398 60.64797210693359
126.82695417796005 60.65507125854492
127.95933769740611 60.66103363037109
129.0917212168522 60.66586685180664
130.22410473629827 60.68436431884766
131.35648825574432 60.71355438232422
132.4888717751904 60.74362182617188
133.62125529463648 60.77457046508789
134.75363881408256 60.80640029907227
135.88602233352862 60.83910369873047
137.0184058529747 60.8726921081543
138.15078937242077 60.90715408325195
139.28317289186683 60.93950271606445
140.4155564113129 60.93454742431641
141.547939930759 60.92822265625
142.68032345020507 60.9205207824707
143.81270696965112 60.91145324707031
144.9450904890972 60.90100860595703
146.07747400854328 60.88928985595703
147.20985752798933 60.88256072998047
148.3422410474354 60.87531280517578
149.4746245668815 60.87517929077148
150.60700808632757 60.88030624389648
151.73939160577362 60.88460159301758
152.8717751252197 60.8880615234375
154.00415864466578 60.89068984985352
155.13654216411183 60.89247894287109
156.2689256835579 60.89343643188477
157.401309203004 60.89356231689453
158.53369272245007 60.89377212524414
159.66607624189612 60.91390609741211
160.7984597613422 60.93283081054688
161.93084328078828 60.95053863525391
163.06322680023436 60.96703338623047
164.1956103196804 60.9823112487793
165.3279938391265 60.99637603759766
166.46037735857257 61.00922775268555
167.59276087801862 61.02086639404297
168.7251443974647 61.04682540893555
169.85752791691078 61.08565521240234
170.98991143635686 61.12336349487305
172.12229495580291 61.15994644165039
173.254678475249 61.19540786743164
174.38706199469507 61.22974014282227
175.51944551414113 61.26295471191406
176.6518290335872 61.29504013061523
177.78421255303329 61.3260498046875
178.91659607247936 61.36074829101562
180.04897959192542 61.39426422119141
181.1813631113715 61.42660140991211
182.31374663081758 61.457763671875
183.44613015026363 61.48774337768555
184.5785136697097 61.51654052734375
185.7108971891558 61.54416275024414
186.84328070860187 61.57060241699219
187.97566422804792 61.59770202636719
189.108047747494 61.61806106567383
190.24043126694008 61.63796997070312
191.37281478638613 61.65743255615234
192.5051983058322 61.67644500732422
193.6375818252783 61.69500350952148
194.76996534472437 61.71311569213867
195.90234886417042 61.73078155517578
197.0347323836165 61.74799346923828
198.16711590306258 61.76585006713867
199.29949942250863 61.78268432617188
200.4318829419547 61.79845809936523
201.5642664614008 61.81317901611328
202.69664998084687 61.82683944702148
203.82903350029292 61.83943939208984
204.961417019739 61.85098648071289
206.09380053918508 61.86147308349609
207.22618405863116 61.88116836547852
208.3585675780772 61.91154479980469
209.4909510975233 61.9404411315918
210.62333461696937 61.96785736083984
211.75571813641542 61.99378967285156
212.8881016558615 62.01824569702148
214.02048517530758 62.04121780395508
215.15286869475366 62.06270980834961
216.28525221419972 62.08272171020508
217.4176357336458 62.10235214233398
218.55001925309188 62.12071990966797
219.68240277253793 62.13776016235352
220.814786291984 62.15348052978516
221.9471698114301 62.16787338256836
223.07955333087617 62.18094253540039
224.21193685032222 62.19268798828125
225.3443203697683 62.20310592651367
226.47670388921438 62.20871353149414
227.60908740866043 62.20922088623047
228.7414709281065 62.21699905395508
229.8738544475526 62.23094177246094
231.00623796699867 62.24402236938477
232.13862148644472 62.25624084472656
233.2710050058908 62.2675895690918
234.40338852533688 62.27807998657227
235.53577204478296 62.28770446777344
236.668155564229 62.30964660644531
237.8005390836751 62.33211898803711
238.93292260312117 62.35383224487305
240.06530612256722 62.37478637695312
241.1976896420133 62.39498519897461
242.33007316145938 62.41442489624023
243.46245668090546 62.43310546875
244.5948402003515 62.45103073120117
245.7272237197976 62.46726608276367
246.85960723924367 62.48154830932617
247.99199075868972 62.49541091918945
249.1243742781358 62.50885772705078
250.25675779758188 62.52188110351562
251.38914131702796 62.53448867797852
252.52152483647401 62.54667282104492
253.6539083559201 62.55844116210938
254.78629187536617 62.56978607177734
255.91867539481223 62.56001281738281
257.0510589142583 62.54729461669922
258.1834424337044 62.5345344543457
259.31582595315047 62.521728515625
260.44820947259655 62.50887680053711
261.5805929920426 62.49597930908203
262.71297651148865 62.48303604125977
263.8453600309347 62.47005081176758
264.9777435503808 62.45363616943359
266.1101270698269 62.43095016479492
267.24251058927297 62.4078483581543
268.37489410871905 62.38432312011719
269.5072776281651 62.36256790161133
270.63966114761115 62.34661483764648
271.77204466705723 62.3306884765625
272.9044281865033 62.31478881835938
274.0368117059494 62.29891586303711
275.16919522539547 62.26629257202148
276.30157874484155 62.23101043701172
277.43396226428763 62.19616317749023
278.56634578373365 62.16175079345703
279.69872930317973 62.12778091430664
280.8311128226258 62.09424591064453
281.9634963420719 62.06114959716797
283.095879861518 62.02849197387695
284.22826338096405 61.99468994140625
285.36064690041013 61.95791625976562
286.49303041985615 61.92131042480469
287.62541393930223 61.88486862182617
288.7577974587483 61.84859848022461
289.8901809781944 61.81249237060547
291.0225644976405 61.77655029296875
292.15494801708655 61.74077606201172
293.28733153653263 61.70516967773438
294.41971505597866 61.70056533813477
295.55209857542474 61.70274353027344
296.6844820948708 61.70454025268555
297.8168656143169 61.70595169067383
298.949249133763 61.70698165893555
300.08163265320906 61.7076301574707
301.21401617265514 61.70789337158203
302.34639969210116 61.7077751159668
303.47878321154724 61.71017456054688
304.6111667309933 61.71930694580078
305.7435502504394 61.72837448120117
306.8759337698855 61.73738098144531
308.00831728933156 61.74631881713867
309.14070080877764 61.75519561767578
310.27308432822366 61.76402282714844
311.40546784766974 61.77333831787109
312.5378513671158 61.78244781494141
313.6702348865619 61.80102920532227
314.802618406008 61.82234191894531
315.93500192545406 61.84367752075195
317.06738544490014 61.86503982543945
318.19976896434616 61.88642120361328
319.33215248379224 61.9078254699707
320.4645360032383 61.92925262451172
321.5969195226844 61.95070266723633
322.7293030421305 61.96770095825195
323.86168656157656 61.97212219238281
324.99407008102264 61.97645568847656
326.1264536004687 61.9807014465332
327.25883711991474 61.98485946655273
328.3912206393608 61.98892974853516
329.5236041588069 61.99291229248047
330.655987678253 61.99680328369141
331.78837119769906 62.0006103515625
332.92075471714514 61.99990844726562
334.0531382365912 61.9974250793457
335.18552175603725 61.99463653564453
336.3179052754833 61.99153518676758
337.4502887949294 61.98812484741211
338.5826723143755 61.98440933227539
339.71505583382157 61.98038101196289
340.84743935326765 61.97604370117188
341.9798228727137 61.97064590454102
343.11220639215975 61.96244430541992
344.24458991160583 61.9539909362793
345.3769734310519 61.94528198242188
346.509356950498 61.93631744384766
347.64174046994407 61.92709732055664
348.77412398939015 61.91762161254883
349.9065075088362 61.90789413452148
351.03889102828225 61.89791107177734
352.17127454772833 61.87644958496094
353.3036580671744 61.85105895996094
354.4360415866205 61.82612228393555
355.56842510606657 61.8016357421875
356.70080862551265 61.77760696411133
357.83319214495873 61.7540283203125
358.96557566440475 61.73090362548828
360.09795918385083 61.70823669433594
361.2303427032969 61.69025802612305
362.362726222743 61.68986511230469
363.4951097421891 61.68979263305664
364.62749326163515 61.69004058837891
365.75987678108123 61.69060897827148
366.89226030052725 61.69149780273438
368.02464381997333 61.69271087646484
369.1570273394194 61.69424057006836
370.2894108588655 61.69609451293945
371.4217943783116 61.7008171081543
372.55417789775765 61.70687103271484
373.68656141720373 61.7130241394043
374.81894493664976 61.71928405761719
375.95132845609584 61.72564697265625
377.0837119755419 61.73210906982422
378.216095494988 61.73867797851562
379.3484790144341 61.7453498840332
380.48086253388016 61.74987030029297
381.61324605332624 61.74295043945312
382.74562957277226 61.73593521118164
383.87801309221834 61.72882080078125
385.0103966116644 61.72161102294922
386.1427801311105 61.71430206298828
387.2751636505566 61.70689392089844
388.40754717000266 61.69939041137695
389.53993068944874 61.69178771972656
390.67231420889476 61.67062377929688
391.80469772834084 61.64174652099609
392.9370812477869 61.61387634277344
394.069464767233 61.58684921264648
395.2018482866791 61.559326171875
396.33423180612516 61.53131484985352
397.46661532557124 61.5028076171875
398.59899884501726 61.47380828857422
399.73138236446334 61.44286727905273
400.8637658839094 61.40188598632812
401.9961494033555 61.36037063598633
403.1285329228016 61.31832122802734
404.26091644224766 61.27573776245117
405.39329996169374 61.23262405395508
406.5256834811398 61.1889762878418
407.65806700058585 61.14479446411133
408.7904505200319 61.10007858276367
409.922834039478 61.07415390014648
411.0552175589241 61.06029510498047
412.18760107837016 61.04656982421875
413.31998459781624 61.0329704284668
414.4523681172623 61.01950454711914
415.58475163670835 61.00616836547852
416.7171351561544 60.99296188354492
417.8495186756005 60.97988510131836
418.9819021950466 60.97021865844727
420.11428571449267 60.99047470092773
421.24666923393875 61.01089096069336
422.3790527533848 61.03145980834961
423.51143627283085 61.05218505859375
424.64381979227693 61.07306671142578
425.776203311723 61.09410858154297
426.9085868311691 61.11530303955078
428.04097035061517 61.13665390014648
429.17335387006125 61.16523361206055
430.3057373895073 61.19853591918945
431.43812090895335 61.23137664794922
432.57050442839943 61.26374816894531
433.7028879478455 61.29651641845703
434.8352714672916 61.33098983764648
435.96765498673767 61.36496353149414
437.10003850618375 61.39844131469727
438.23242202562983 61.42824554443359
439.36480554507585 61.41322326660156
440.49718906452193 61.39845275878906
441.629572583968 61.38392639160156
442.7619561034141 61.36964797973633
443.8943396228602 61.35561752319336
445.02672314230625 61.34183502197266
446.15910666175233 61.32830047607422
447.29149018119836 61.31501388549805
448.42387370064444 61.29324722290039
449.5562572200905 61.26380920410156
450.6886407395366 61.23361968994141
451.8210242589827 61.20267868041992
452.95340777842875 61.17098617553711
454.08579129787483 61.13854217529297
455.21817481732086 61.1053466796875
456.35055833676694 61.0713996887207
457.482941856213 61.03762054443359
458.6153253756591 61.02952575683594
459.7477088951052 61.02054977416992
460.88009241455126 61.01069259643555
462.01247593399734 60.99995422363281
463.14485945344336 60.98833465576172
464.27724297288944 60.97583389282227
465.4096264923355 60.96245574951172
466.5420100117816 60.94819259643555
467.6743935312277 60.94382476806641
468.80677705067376 60.94897079467773
469.93916057011984 60.95368957519531
471.0715440895659 60.95797729492188
472.20392760901194 60.96183776855469
473.336311128458 60.96526718139648
474.4686946479041 60.96857833862305
475.6010781673502 60.97945785522461
476.73346168679626 60.99001312255859
477.86584520624234 61.01104354858398
478.9982287256884 61.03156280517578
480.13061224513444 61.05157089233398
481.2629957645805 61.07106781005859
482.3953792840266 61.09005737304688
483.5277628034727 61.10853576660156
484.66014632291876 61.12650299072266
485.79252984236484 61.14396286010742
486.9249133618109 61.1608772277832
488.05729688125695 61.17758178710938
489.189680400703 61.19422912597656
490.3220639201491 61.2108154296875
491.4544474395952 61.22734069824219
492.58683095904127 61.24380874633789
493.71921447848734 61.26021957397461
494.8515979979334 61.27656936645508
495.98398151737945 61.29286193847656
497.1163650368255 61.30015182495117
498.2487485562716 61.30711364746094
499.3811320757177 61.31404876708984
500.51351559516377 61.32095718383789
501.64589911460985 61.32783889770508
502.7782826340559 61.33469009399414
503.91066615350195 61.34151458740234
505.04304967294803 61.34831237792969
506.1754331923941 61.34140777587891
507.3078167118402 61.31724548339844
508.44020023128627 61.29220581054688
509.57258375073235 61.26628875732422
510.70496727017843 61.23948669433594
511.83735078962445 61.21181106567383
512.9697343090705 61.18325042724609
514.1021178285166 61.15381240844727
515.2345013479627 61.12349700927734
516.3668848674088 61.08745956420898
517.4992683868549 61.05038833618164
518.6316519063009 61.01379776000977
519.764035425747 60.97768783569336
520.8964189451931 60.94205474853516
522.0288024646392 60.90690612792969
523.1611859840853 60.87223815917969
524.2935695035312 60.83804702758789
525.4259530229773 60.8145637512207
526.5583365424234 60.80642318725586
527.6907200618695 60.7996940612793
528.8231035813155 60.79437637329102
529.9554871007616 60.79047775268555
531.0878706202077 60.78799057006836
532.2202541396538 60.78691864013672
533.3526376590999 60.78726196289062
534.4850211785459 60.78901672363281
535.617404697992 60.80036926269531
536.7497882174381 60.81436538696289
537.8821717368842 60.83013916015625
539.0145552563303 60.84769058227539
540.1469387757762 60.86702346801758
541.2793222952223 60.88813018798828
542.4117058146684 60.91101837158203
543.5440893341145 60.9356803894043
544.6764728535605 60.95188522338867
545.8088563730066 60.95262908935547
546.9412398924527 60.95377731323242
548.0736234118988 60.95533752441406
549.2060069313449 60.95730590820312
550.3383904507909 60.95968627929688
551.470773970237 60.96247100830078
552.6031574896831 60.96566772460938
553.7355410091292 60.96927261352539
554.8679245285753 60.96472930908203
556.0003080480212 60.95870590209961
557.1326915674673 60.94994354248047
558.2650750869134 60.93953704833984
559.3974586063595 60.92972183227539
560.5298421258055 60.92049789428711
561.6622256452516 60.91186141967773
562.7946091646977 60.90381622314453
563.9269926841438 60.89279937744141
565.0593762035899 60.87528991699219
566.191759723036 60.85755920410156
567.324143242482 60.8396110534668
568.4565267619281 60.82144165039062
569.5889102813742 60.80305480957031
570.7212938008203 60.78444671630859
571.8536773202662 60.76561737060547
572.9860608397123 60.74656677246094
574.1184443591584 60.72940826416016
575.2508278786045 60.71256637573242
576.3832113980505 60.69564437866211
577.5155949174966 60.67863845825195
578.6479784369427 60.66154861450195