0 30.507568359375
48.777489825049194 30.84617042541504
97.55497965009839 31.11781692504883
146.33246947514758 31.04509735107422
195.10995930019678 32.29088592529297
243.88744912524598 32.50243377685547
292.66493895029515 33.51383209228516
341.44242877534435 33.66183090209961
390.21991860039356 33.61673355102539
438.99740842544276 35.28480529785156
487.77489825049196 34.72242736816406
536.5523880755411 35.71145629882812
585.3298779005903 37.72758483886719
634.1073677256395 38.42911529541016
682.8848575506887 40.32087326049805
731.6623473757379 40.32877349853516
780.4398372007871 40.80194854736328
829.2173270258363 41.09998321533203
877.9948168508855 41.72256469726562
926.7723066759347 42.76287078857422
975.5497965009839 43.16332244873047
1024.3272863260331 43.5605354309082
1073.1047761510822 43.5483512878418
1121.8822659761315 44.10083770751953
1170.6597558011806 40.2093391418457
1219.43724562623 38.55479049682617
1268.214735451279 38.91642379760742
1316.9922252763283 39.30585861206055
1365.7697151013774 42.37006759643555
1414.5472049264267 42.78946685791016
1463.3246947514758 43.32607650756836
1512.1021845765251 43.48613357543945
1560.8796744015742 42.58646774291992
1609.6571642266233 43.09765243530273
1658.4346540516726 41.98835754394531
1707.2121438767217 41.86489868164062
1755.989633701771 42.87018585205078
1804.7671235268201 42.54766464233398
1853.5446133518694 44.07307052612305
1902.3221031769185 43.5599365234375
1951.0995930019678 43.3314323425293
1999.877082827017 40.48112487792969
2048.6545726520662 39.40469741821289
2097.4320624771153 39.89754867553711
2146.2095523021644 40.56570053100586
2194.987042127214 40.38559341430664
2243.764531952263 39.76199340820312
2292.542021777312 39.55373764038086
2341.319511602361 39.91606903076172
2390.0970014274103 40.58719253540039
2438.87449125246 41.30527877807617
2487.651981077509 40.37743759155273
2536.429470902558 39.01215362548828
2585.206960727607 38.78901672363281
2633.9844505526567 38.37384414672852
2682.7619403777057 38.01859664916992
2731.539430202755 39.25795364379883
2780.316920027804 39.28349685668945
2829.0944098528535 39.92647933959961
2877.8718996779025 40.24934768676758
2926.6493895029516 40.6638069152832
2975.4268793280007 41.10234069824219
3024.2043691530503 41.34907150268555
3072.9818589780994 40.09952545166016
3121.7593488031484 40.18812942504883
3170.5368386281975 41.23694610595703
3219.3143284532466 42.28705215454102
3268.091818278296 42.90717315673828
3316.8693081033452 43.94953918457031
3365.6467979283943 45.36517333984375
3414.4242877534434 44.8190803527832
3463.201777578493 45.55377197265625
3511.979267403542 45.67024993896484
3560.756757228591 43.95001220703125
3609.5342470536402 42.4254150390625
3658.3117368786898 42.28713226318359
3707.089226703739 43.22543716430664
3755.866716528788 41.64837265014648
3804.644206353837 40.72871780395508
3853.4216961788866 40.91146850585938
3902.1991860039357 38.79373931884766
3950.9766758289848 36.53639602661133
3999.754165654034 35.18332672119141
4048.531655479083 34.73602294921875
4097.3091453041325 34.45940399169922
4146.086635129182 35.1650390625
4194.864124954231 35.977294921875
4243.64161477928 36.07592010498047
4292.419104604329 36.11586761474609
4341.196594429378 36.44599151611328
4389.974084254428 36.1702766418457
4438.751574079477 35.45304107666016
4487.529063904526 34.25871276855469
4536.306553729575 33.56000900268555
4585.084043554624 33.23413467407227
4633.861533379673 34.1629753112793
4682.639023204722 34.88130950927734
4731.4165130297715 36.47484970092773
4780.194002854821 35.99639129638672
4828.971492679871 35.12461853027344
4877.74898250492 34.93808746337891
4926.526472329969 35.13867950439453
4975.303962155018 35.09761428833008
5024.081451980067 35.7562255859375
5072.858941805116 36.70054244995117
5121.636431630165 37.66642761230469
5170.413921455214 37.75027465820312
5219.191411280264 37.65362548828125
5267.968901105313 37.82715606689453
5316.746390930362 37.47814559936523
5365.5238807554115 37.63752746582031
5414.301370580461 38.2162971496582
5463.07886040551 39.3376350402832
5511.856350230559 40.45896530151367
5560.633840055608 40.76156616210938
5609.411329880657 40.98135757446289
5658.188819705707 41.82505416870117
5706.966309530756 42.86935806274414
5755.743799355805 43.34211730957031
5804.521289180854 45.19112396240234
5853.298779005903 46.30835342407227
5902.076268830952 46.92521667480469
5950.853758656001 47
5999.6312484810505 47.57741546630859
6048.4087383061005 48
6097.18622813115 49.41878509521484
6145.963717956199 50.91106796264648
6194.741207781248 52.71915435791016
6243.518697606297 54.61034774780273
6292.296187431346 55.49182510375977
6341.073677256395 54.2022819519043
6389.851167081444 52.96421813964844
6438.628656906493 52.85798645019531
6487.406146731543 53.40977096557617
6536.183636556592 53.13253021240234
6584.961126381641 52.92763519287109
6633.7386162066905 52.35438537597656
6682.51610603174 50.64933776855469
6731.293595856789 48.94388961791992
6780.071085681838 48.13606262207031
6828.848575506887 47.30469131469727
6877.626065331937 47
6926.403555156986 46.93920516967773
6975.181044982035 46.97983169555664
7023.958534807084 47.95964431762695
7072.736024632133 49.47639083862305
7121.513514457182 50.03717422485352
7170.291004282231 50.22194671630859
7219.0684941072805 50
7267.84598393233 49.96073150634766
7316.6234737573795 49.24871826171875
7365.400963582429 48.42578506469727
7414.178453407478 48.43083953857422
7462.955943232527 48.30904769897461
7511.733433057576 48.07961273193359
7560.510922882625 49.01514053344727
7609.288412707674 50.59392547607422
7658.065902532723 50.51171493530273
7706.843392357773 49.97951507568359
7755.620882182822 49.80077362060547
7804.398372007871 49.46824645996094
7853.17586183292 49.32991790771484
7901.9533516579695 49.22027969360352
7950.730841483019 49.53874588012695
7999.508331308068 51.31482696533203
8048.285821133117 52.96055221557617
8097.063310958166 55.61944580078125
8145.840800783216 59.67287063598633
8194.618290608265 62.55698013305664
8243.395780433313 64.77513885498047
8292.173270258363 66.67810821533203
8340.950760083413 67.83313751220703
8389.728249908461 69.32817840576172
8438.505739733511 70.07880401611328
8487.28322955856 70.54058074951172
8536.06071938361 71.46173858642578
8584.838209208658 73.34921264648438
8633.615699033708 73.69493865966797
8682.393188858756 68.0905990600586
8731.170678683806 62.39089965820312
8779.948168508856 60.20478439331055
8828.725658333904 59.11085510253906
8877.503148158954 58.99857330322266
8926.280637984002 59.77066040039062
8975.058127809052 60.07648849487305
9023.8356176341 61.23219299316406
9072.61310745915 62.95676040649414
9121.390597284199 65.14999389648438
9170.168087109249 67.1258316040039
9218.945576934299 69.05086517333984
9267.723066759347 72.16262817382812
9316.500556584397 73.2088623046875
9365.278046409445 72.98513793945312
9414.055536234495 72.31025695800781
9462.833026059543 72.5136947631836
9511.610515884593 73.11235809326172
9560.388005709641 73.94249725341797
9609.165495534691 74.54693603515625
9657.942985359741 73.53038787841797
9706.72047518479 72.54204559326172
9755.49796500984 72.49932098388672
9804.275454834888 72.97270965576172
9853.052944659938 73.14033508300781
9901.830434484986 73.52596282958984
9950.607924310036 74.0578842163086
9999.385414135086 73.7894058227539
10048.162903960134 72.56644439697266
10096.940393785184 70.69367980957031
10145.717883610232 68.8399658203125
10194.495373435282 68.27291107177734
10243.27286326033 68.19387817382812
10292.05035308538 67.60997009277344
10340.827842910428 67.20317840576172
10389.605332735478 66.90933227539062
10438.382822560528 67.82279205322266
10487.160312385577 67.6252670288086
10535.937802210627 68.40081024169922
10584.715292035675 70.03369903564453
10633.492781860725 71.04605102539062
10682.270271685773 72.25590515136719
10731.047761510823 73.66328430175781
10779.825251335871 74.66790008544922
10828.602741160921 74.93017578125
10877.380230985971 74.69795227050781
10926.15772081102 74.69512176513672
10974.93521063607 73.67730712890625
11023.712700461117 73
11072.490190286167 73.03770446777344
11121.267680111216 73.3059310913086
11170.045169936266 72.97881317138672
11218.822659761314 72.22501373291016
11267.600149586364 71.71595001220703
11316.377639411414 69.48725891113281
11365.155129236462 67.39300537109375
11413.932619061512 66.22525024414062
11462.71010888656 65.99004364013672
11511.48759871161 64.95366668701172
11560.265088536658 63.71217346191406
11609.042578361708 63.47066116333008
11657.820068186758 62.26364517211914
11706.597558011807 61.30337905883789
11755.375047836857 60.59848403930664
11804.152537661905 60.02882766723633
11852.930027486955 59.08769607543945
11901.707517312003 57.93164825439453
11950.485007137053 56.73003387451172
11999.262496962101 56.06675720214844
12048.039986787151 56
12096.817476612201 55.67770767211914
12145.59496643725 55.43304061889648
12194.3724562623 54.7166862487793
12243.149946087347 54.34447860717773
12291.927435912397 53.98344039916992
12340.704925737446 54
12389.482415562496 53.97687530517578
12438.259905387544 53.54364395141602
12487.037395212594 53.82402038574219
12535.814885037644 53.49098968505859
12584.592374862692 54.17112350463867
12633.369864687742 55.41688919067383
12682.14735451279 56.63052749633789
12730.92484433784 57.46322631835938
12779.702334162888 58.82590103149414
12828.479823987938 60.24526214599609
12877.257313812986 61.25585556030273
12926.034803638036 61.82204437255859
12974.812293463086 61.60949325561523
13023.589783288135 61.88235473632812
13072.367273113185 62.59323883056641
13121.144762938233 62.80181503295898
13169.922252763283 61.54423522949219
13218.699742588331 60.98433303833008
13267.477232413381 61.12121963500977
13316.25472223843 61.55533599853516
13365.03221206348 61.71611404418945
13413.80970188853 61.24515533447266
13462.587191713577 61.45032501220703
13511.364681538627 60.83783721923828
13560.142171363676 60.40576171875
13608.919661188726 60.9785270690918
13657.697151013774 61.79483032226562
13706.474640838824 61.31838607788086
13755.252130663874 61.06506729125977
13804.029620488922 61.81069183349609
13852.807110313972 61.92408752441406
13901.58460013902 61.99318695068359
13950.36208996407 62.10403060913086
13999.139579789118 62.21329498291016
14047.917069614168 61.6264762878418
14096.694559439216 62.01905059814453
14145.472049264266 63.07059097290039
14194.249539089316 64.5299072265625
14243.027028914365 66.28449249267578
14291.804518739415 67.63645935058594
14340.582008564463 68.84358215332031
14389.359498389513 70.3043441772461
14438.136988214561 70.01813507080078
14486.914478039611 68.84478759765625
14535.69196786466 67.58135223388672
14584.469457689709 66.78131103515625
14633.246947514759 65.97472381591797
14682.024437339807 65.38091278076172
14730.801927164857 64.88536071777344
14779.579416989905 64.0556411743164
14828.356906814955 64.23886108398438
14877.134396640004 65.25816345214844
14925.911886465054 65.83769989013672
14974.689376290102 65.87519073486328
15023.466866115152 65.29029846191406
15072.244355940202 64.9542465209961
15121.02184576525 65.83541870117188
15169.7993355903 66.23406219482422
15218.576825415348 66.84474182128906
15267.354315240398 67.67436218261719
15316.131805065446 68.18831634521484
15364.909294890496 68.5129623413086
15413.686784715546 68.27501678466797
15462.464274540594 68.76181030273438
15511.241764365644 69.56513214111328
15560.019254190693 69.5041732788086
15608.796744015743 69.93907928466797
15657.57423384079 70.34168243408203
15706.35172366584 70.26678466796875
15755.129213490889 70.76869201660156
15803.906703315939 71.00740051269531
15852.684193140989 70.84634399414062
15901.461682966037 70.8204116821289
15950.239172791087 70.20745086669922
15999.016662616135 69.84222412109375
16047.794152441185 69.67042541503906
16096.571642266234 69.83460235595703
16145.349132091284 69.60172271728516
16194.126621916332 69.95796966552734
16242.904111741382 71.12101745605469
16291.681601566432 72.42713165283203
16340.45909139148 72.38126373291016
16389.23658121653 72.11720275878906
16438.01407104158 71.7462387084961
16486.791560866626 71.92381286621094
16535.569050691676 72.64326477050781
16584.346540516726 73.79177856445312
16633.124030341776 74.17967987060547
16681.901520166826 75.14794921875
16730.679009991873 75.5963134765625
16779.456499816923 75.30863952636719
16828.233989641973 75.86566162109375
16877.011479467023 75.0419692993164
16925.78896929207 74.34907531738281
16974.56645911712 73.55574798583984
17023.34394894217 72.68029022216797
17072.12143876722 71.57091522216797
17120.89892859227 71.17813110351562
17169.676418417315 70.80118560791016
17218.453908242365 69.9422607421875
17267.231398067415 69.23694610595703
17316.008887892465 68.98681640625
17364.78637771751 69.77342987060547
17413.56386754256 71.40403747558594
17462.34135736761 72.8830795288086
17511.11884719266 74.43667602539062
17559.89633701771 76.48675537109375
17608.673826842758 77.62533569335938
17657.451316667808 77.59981536865234
17706.228806492858 77.81523132324219
17755.006296317908 78.53614044189453
17803.783786142954 79.90364074707031
17852.561275968004 80.50975036621094
17901.338765793054 81.34283447265625
17950.116255618104 82.35997772216797
17998.893745443154 82.80767822265625
18047.6712352682 81.8676528930664
18096.44872509325 81.10040283203125
18145.2262149183 80.82395935058594
18194.00370474335 79.66120147705078
18242.781194568397 79.11853790283203
18291.558684393447 79.72709655761719
18340.336174218497 80.19871520996094
18389.113664043547 79.86296081542969
18437.891153868597 80.82166290283203
18486.668643693643 83.35932922363281
18535.446133518693 87.35625457763672
18584.223623343743 90.61096954345703
18633.001113168793 92
18681.77860299384 92.00498962402344
18730.55609281889 91.31526184082031
18779.33358264394 91.29644012451172
18828.11107246899 92.09817504882812
18876.88856229404 93.24678039550781
18925.666052119086 93.7618408203125
18974.443541944136 93.16035461425781
19023.221031769186 93.45014190673828
19071.998521594236 94.30152893066406
19120.776011419282 96.27449798583984
19169.553501244332 97.7688217163086
19218.330991069382 98.79730987548828
19267.108480894432 99.76693725585938
19315.885970719482 100.3215560913086
19364.66346054453 98.54720306396484
19413.44095036958 97.15678405761719
19462.21844019463 96.45923614501953
19510.99593001968 95.6956558227539
19559.773419844725 94.89778137207031
19608.550909669775 94.43031311035156
19657.328399494825 94.17572021484375
19706.105889319875 94.83016204833984
19754.883379144925 95.4845962524414
19803.66086896997 95.24527740478516
19852.43835879502 92.8978271484375
19901.21584862007 90.59666442871094
19949.99333844512 89.0918960571289
19998.77082827017 87.98035430908203
20047.548318095218 88.04043579101562
20096.325807920268 88
20145.103297745318 88
20193.880787570368 87.9229736328125
20242.658277395414 87.08456420898438
20291.435767220464 86.2088851928711
20340.213257045514 86.8597640991211
20388.990746870564 88.82853698730469
20437.768236695614 90.78275299072266
20486.54572652066 91.8349380493164
20535.32321634571 91.87648010253906
20584.10070617076 92.03096008300781
20632.87819599581 91.74903106689453
20681.655685820857 91.75112915039062
20730.433175645907 92.98357391357422
20779.210665470957 94.78939056396484
20827.988155296007 96.07793426513672
20876.765645121057 94.9240951538086
20925.543134946103 92.13653564453125
20974.320624771153 89.49995422363281
21023.098114596203 88.02721405029297
21071.875604421253 87.80717468261719
21120.6530942463 87.5884017944336
21169.43058407135 84.95478057861328
21218.2080738964 82.9948959350586
21266.98556372145 83
21315.7630535465 83.18385314941406
21364.540543371546 85.13825988769531
21413.318033196596 86.4681625366211
21462.095523021646 86.78903198242188
21510.873012846696 87.03475952148438
21559.650502671742 87.4091796875
21608.427992496792 87.18722534179688
21657.205482321842 87.26917266845703
21705.982972146892 87.67728424072266
21754.760461971942 88.6082763671875
21803.53795179699 89.62905883789062
21852.31544162204 90.53703308105469
21901.09293144709 91.86113739013672
21949.87042127214 92.02123260498047
21998.647911097185 90.4903335571289
22047.425400922235 86.29493713378906
22096.202890747285 81.65442657470703
22144.980380572335 76.69224548339844
22193.757870397385 73.66368865966797
22242.53536022243 70.74211883544922
22291.31285004748 68.99732208251953
22340.09033987253 68.8153305053711
22388.86782969758 69.61760711669922
22437.645319522628 70.69647216796875
22486.422809347678 71.77090454101562
22535.200299172728 73.93367004394531
22583.977788997778 76.0589370727539
22632.755278822828 78.3670654296875
22681.532768647874 80.22351837158203
22730.310258472924 81.37883758544922
22779.087748297974 81.97419738769531
22827.865238123024 82.53189849853516
22876.64272794807 82.68598175048828
22925.42021777312 82.96941375732422
22974.19770759817 82.77682495117188
23022.97519742322 81.90641784667969
23071.75268724827 80.67115783691406
23120.530177073317 79.43214416503906
23169.307666898367 78.19265747070312
23218.085156723417 77.69892120361328
23266.862646548467 77.26814270019531
23315.640136373517 76.79759979248047
23364.417626198563 76.3360366821289
23413.195116023613 75.8218994140625
23461.972605848663 75.16996765136719
23510.750095673713 74.75299835205078
23559.52758549876 74.7091293334961
23608.30507532381 77.42155456542969
23657.08256514886 80.48126983642578
23705.86005497391 82.14603424072266
23754.63754479896 84.85121154785156
23803.415034624006 86.75137329101562
23852.192524449056 87.9409408569336
23900.970014274106 87.31260681152344
23949.747504099156 86.87445831298828
23998.524993924202 87.68658447265625
24047.302483749252 87.5377426147461
24096.079973574302 86.65347290039062
24144.857463399352 86.19953155517578
24193.634953224402 86.2415542602539
24242.41244304945 86.35224914550781
24291.1899328745 86.84768676757812
24339.96742269955 87
24388.7449125246 87.67382049560547
24437.522402349645 86.80056762695312
24486.299892174695 88.03702545166016
24535.077381999745 89.2146987915039
24583.854871824795 90.60044860839844
24632.632361649845 91.79376220703125
24681.40985147489 92.88070678710938
24730.18734129994 93.17759704589844
24778.96483112499 94.58232116699219
24827.74232095004 96.36213684082031
24876.519810775088 96.65921783447266
24925.297300600138 97.00972747802734