0 213.0590515136719
73.61933058713778 250.3309631347656
147.23866117427556 284.6266784667969
220.85799176141336 285.0731201171875
294.4773223485511 287.09423828125
368.0966529356889 269.8902282714844
441.7159835228267 229.2906951904297
515.3353141099644 213.5089111328125
588.9546446971023 216.2949676513672
662.5739752842401 215.5071716308594
736.1933058713778 207.1407470703125
809.8126364585156 190.6749114990234
883.4319670456534 158.7271728515625
957.0512976327911 123.2170257568359
1030.6706282199289 108.2013397216797
1104.2899588070668 85.05975341796875
1177.9092893942045 113.088264465332
1251.5286199813422 141.8196716308594
1325.1479505684802 154.4165954589844
1398.7672811556179 174.9661712646484
1472.3866117427556 182.4004058837891
1546.0059423298935 181.5259094238281
1619.6252729170312 210.7227172851562
1693.244603504169 224.1910552978516
1766.8639340913069 254.2588806152344
1840.4832646784446 276.6581420898438
1914.1025952655823 288.6076049804688
1987.72192585272 292.5724182128906
2061.3412564398577 283.6578674316406
2134.9605870269957 264.02587890625
2208.5799176141336 240.5507507324219
2282.199248201271 221.1591949462891
2355.818578788409 186.2157745361328
2429.437909375547 154.3350524902344
2503.0572399626844 111.3873519897461
2576.6765705498224 88.80107879638672
2650.2959011369603 60.67336273193359
2723.915231724098 37.30924987792969
2797.5345623112357 35.29099655151367
2871.1538928983737 41.89679336547852
2944.773223485511 45.13882064819336
3018.392554072649 60.09346771240234
3092.011884659787 83.98114776611328
3165.6312152469245 98.58343505859375
3239.2505458340625 121.9103393554688
3312.8698764212004 150.0366668701172
3386.489207008338 183.6543121337891
3460.108537595476 224.6375274658203
3533.7278681826137 244.9798126220703
3607.3471987697512 244.5761413574219
3680.966529356889 202.0780944824219
3754.5858599440267 156.9755096435547
3828.2051905311646 114.3257751464844
3901.8245211183025 86.673828125
3975.44385170544 99.79825592041016
4049.063182292578 122.8971328735352
4122.682512879715 138.6398468017578
4196.301843466854 143.0353698730469
4269.921174053991 145.7747192382812
4343.540504641129 147.0259704589844
4417.159835228267 142.8611907958984
4490.779165815405 140.2934875488281
4564.398496402542 141.5188751220703
4638.0178269896805 137.8166656494141
4711.637157576818 135.5368194580078
4785.2564881639555 138.5229797363281
4858.875818751094 161.1884002685547
4932.495149338231 136.2772521972656
5006.114479925369 128.5431671142578
5079.733810512507 129.3684234619141
5153.353141099645 122.5470123291016
5226.972471686782 112.4041976928711
5300.591802273921 85.4293212890625
5374.211132861058 85.72215270996094
5447.830463448196 106.2901382446289
5521.449794035334 106.0414352416992
5595.0691246224715 101.2162246704102
5668.688455209609 95.91203308105469
5742.307785796747 75.5216064453125
5815.927116383885 91.39400482177734
5889.546446971022 99.77649688720703
5963.165777558161 139.1460266113281
6036.785108145298 139.4384307861328
6110.404438732436 114.9248886108398
6184.023769319574 88.21671295166016
6257.6430999067115 79.21495819091797
6331.262430493849 69.1693115234375
6404.881761080987 59.33027648925781
6478.501091668125 55.14431381225586
6552.120422255262 50.26618576049805
6625.739752842401 44.8236083984375
6699.359083429538 74.03236389160156
6772.978414016676 88.4256591796875
6846.597744603814 61.76144790649414
6920.217075190952 31.72276878356934
6993.836405778089 24.87323379516602
7067.4557363652275 25.94989395141602
7141.075066952365 24.08092880249023
7214.6943975395025 24.34862899780273
7288.31372812664 25.09524154663086
7361.933058713778 25.01724052429199
7435.552389300916 33.8901481628418
7509.171719888053 64.7480239868164
7582.791050475192 89.51533508300781
7656.410381062329 70.8294448852539
7730.029711649467 45.32016372680664
7803.649042236605 49.50207138061523
7877.2683728237425 54.11861801147461
7950.88770341088 61.8072395324707
8024.507033998018 67.27000427246094
8098.126364585156 79.1033935546875
8171.745695172293 84.35140228271484
8245.36502575943 111.2700958251953
8318.98435634657 137.0411834716797
8392.603686933708 140.2835540771484
8466.223017520844 105.2819213867188
8539.842348107983 91.71688079833984
8613.461678695121 77.92652893066406
8687.081009282258 92.58322143554688
8760.700339869396 101.0536346435547
8834.319670456534 106.7819747924805
8907.939001043671 106.5788192749023
8981.55833163081 88.54854583740234
9055.177662217948 82.21089935302734
9128.796992805084 110.0558929443359
9202.416323392223 121.2297439575195
9276.035653979361 128.4878692626953
9349.654984566498 128.1902923583984
9423.274315153636 132.3178253173828
9496.893645740774 160.0408782958984
9570.512976327911 142.4029846191406
9644.13230691505 134.3135681152344
9717.751637502188 135.7998504638672
9791.370968089324 136.4408874511719
9864.990298676463 137.1880798339844
9938.609629263601 126.9750061035156
10012.228959850738 109.2482833862305
10085.848290437876 74.2748794555664
10159.467621025015 101.8150634765625
10233.086951612151 143.3398590087891
10306.70628219929 191.7449035644531
10380.325612786428 232.039306640625
10453.944943373564 246.7130737304688
10527.564273960703 231.1768646240234
10601.183604547841 194.6891632080078
10674.802935134978 157.2639007568359
10748.422265722116 130.5180053710938
10822.041596309255 103.7157135009766
10895.660926896391 94.6299819946289
10969.28025748353 72.67143249511719
11042.899588070668 58.97462844848633
11116.518918657805 53.3538703918457
11190.138249244943 43.52155685424805
11263.757579832081 37.64747619628906
11337.376910419218 50.46285629272461
11410.996241006356 86.32820892333984
11484.615571593495 102.0999221801758
11558.234902180631 141.3877563476562
11631.85423276777 176.1593475341797
11705.473563354908 212.2770690917969
11779.092893942045 240.7795104980469
11852.712224529183 266.4847412109375
11926.331555116321 284.57275390625
11999.950885703458 288.0916442871094
12073.570216290596 282.4075927734375
12147.189546877735 271.7216491699219
12220.808877464871 258.1192932128906
12294.42820805201 228.1986083984375
12368.047538639148 199.75439453125
12441.666869226285 179.8428192138672
12515.286199813423 177.8781890869141
12588.905530400561 175.6502532958984
12662.524860987698 154.7240295410156
12736.144191574836 142.4417266845703
12809.763522161975 118.7494277954102
12883.382852749111 89.88998413085938
12957.00218333625 103.3455200195312
13030.621513923388 121.2556533813477
13104.240844510525 150.0088043212891
13177.860175097663 176.7697143554688
13251.479505684802 197.4990844726562
13325.098836271938 207.0430450439453
13398.718166859077 203.1552734375
13472.337497446215 199.5331726074219
13545.956828033351 222.9112091064453
13619.57615862049 267.4436340332031
13693.195489207628 278.5142822265625
13766.814819794765 274.0799560546875
13840.434150381903 277.990478515625
13914.053480969042 252.6764221191406
13987.672811556178 219.1410980224609
14061.292142143317 176.477783203125
14134.911472730455 190.1994171142578
14208.530803317592 220.2396240234375
14282.15013390473 193.2688903808594
14355.769464491867 148.1801300048828
14429.388795079005 115.6774139404297
14503.008125666143 87.94732666015625
14576.62745625328 47.01393508911133
14650.246786840418 66.6388168334961
14723.866117427557 106.0536193847656
14797.485448014693 143.0667266845703
14871.104778601832 172.0413665771484
14944.72410918897 197.4153442382812
15018.343439776107 215.8272399902344
15091.962770363245 243.3541412353516
15165.582100950383 240.6914672851562
15239.20143153752 243.1708221435547
15312.820762124658 245.2663421630859
15386.440092711797 222.3475799560547
15460.059423298933 207.3625946044922
15533.678753886072 189.6738433837891
15607.29808447321 163.6445922851562
15680.917415060347 174.3684234619141
15754.536745647485 169.3083953857422
15828.156076234623 138.1857757568359
15901.77540682176 126.7924041748047
15975.394737408898 126.1530609130859
16049.014067996037 134.3884582519531
16122.633398583173 158.9637451171875
16196.252729170312 188.5115966796875
16269.87205975745 190.5194702148438
16343.491390344587 155.1270599365234
16417.110720931727 121.5575714111328
16490.73005151886 89.91024017333984
16564.349382106 97.96321868896484
16637.96871269314 114.8530807495117
16711.588043280277 135.0168304443359
16785.207373867415 137.2408142089844
16858.826704454554 137.4767150878906
16932.44603504169 138.2171478271484
17006.065365628827 137.1593017578125
17079.684696215965 118.1495361328125
17153.304026803104 88.76885986328125
17226.923357390242 107.9151840209961
17300.54268797738 140.2117004394531
17374.162018564515 180.4615173339844
17447.781349151654 221.6121520996094
17521.400679738792 239.0823974609375
17595.02001032593 199.7203369140625
17668.63934091307 155.1941223144531
17742.258671500207 148.1925659179688
17815.878002087342 149.7800445556641
17889.49733267448 174.1121826171875
17963.11666326162 218.7209625244141
18036.735993848757 259.6369018554688
18110.355324435895 303.8042907714844
18183.974655023034 335.264404296875
18257.59398561017 366.1361999511719
18331.213316197307 385.2463989257812
18404.832646784445 381.899169921875
18478.451977371584 334.1184387207031
18552.071307958722 280.6453247070312
18625.69063854586 238.5161285400391
18699.309969132995 219.1319732666016
18772.929299720134 188.2827301025391
18846.548630307272 150.5695343017578
18920.16796089441 140.2852478027344
18993.78729148155 165.7409973144531
19067.406622068684 196.3892669677734
19141.025952655822 154.8449859619141
19214.64528324296 146.3032684326172
19288.2646138301 139.1817321777344
19361.883944417237 96.01742553710938
19435.503275004376 48.92434310913086
19509.12260559151 63.64990997314453
19582.74193617865 67.75621795654297
19656.361266765787 118.7242965698242
19729.980597352926 147.2182769775391
19803.599927940064 152.4927520751953
19877.219258527202 158.2922515869141
19950.838589114337 188.8776092529297
20024.457919701475 211.3415679931641
20098.077250288614 227.6582336425781
20171.696580875752 256.5277404785156
20245.31591146289 287.0850524902344
20318.93524205003 308.8424072265625
20392.554572637164 329.6579895019531
20466.173903224302 352.9826049804688
20539.79323381144 376.2127685546875
20613.41256439858 402.1115112304688
20687.031894985717 430.9242858886719
20760.651225572856 455.4136047363281
20834.27055615999 483.0828857421875
20907.88988674713 463.532958984375
20981.509217334267 418.0667724609375
21055.128547921406 370.98681640625
21128.747878508544 342.0103454589844
21202.367209095682 326.8623046875
21275.986539682817 311.5834350585938
21349.605870269956 289.8887329101562
21423.225200857094 262.9603576660156
21496.844531444232 218.6463775634766
21570.46386203137 170.1569366455078
21644.08319261851 160.8374328613281
21717.702523205644 141.4630889892578
21791.321853792782 161.7606658935547
21864.94118437992 197.8965454101562
21938.56051496706 231.8863677978516
22012.179845554198 258.8018188476562
22085.799176141336 295.5959777832031
22159.41850672847 290.926513671875
22233.03783731561 259.09033203125
22306.657167902747 211.8856964111328
22380.276498489886 168.8720397949219
22453.895829077024 151.3407135009766
22527.515159664163 150.3508758544922
22601.134490251297 147.6961364746094
22674.753820838436 134.2545013427734
22748.373151425574 160.4652709960938
22821.992482012713 209.4112854003906
22895.61181259985 245.9490814208984
22969.23114318699 286.5209045410156
23042.850473774124 328.3636474609375
23116.469804361263 381.5086669921875
23190.0891349484 428.2571411132812
23263.70846553554 461.2244567871094
23337.327796122678 433.3558044433594
23410.947126709816 387.8935546875
23484.56645729695 342.0573425292969
23558.18578788409 311.3229675292969
23631.805118471228 264.6979675292969
23705.424449058366 247.0945739746094
23779.043779645504 248.5672760009766
23852.663110232643 255.50634765625
23926.282440819778 252.8467254638672
23999.901771406916 216.9787750244141
24073.521101994054 156.8230133056641
24147.140432581193 149.2046661376953
24220.75976316833 150.4548645019531
24294.37909375547 147.2566375732422
24367.998424342604 145.0232849121094
24441.617754929743 146.4547729492188
24515.23708551688 146.0688781738281
24588.85641610402 140.3414916992188
24662.475746691158 135.0805206298828
24736.095077278296 133.1345977783203
24809.71440786543 139.0109710693359
24883.33373845257 136.6936492919922
24956.953069039708 124.1339950561523
25030.572399626846 97.5060043334961
25104.191730213985 69.47826385498047
25177.811060801123 30.60519218444824
25251.430391388258 58.60161972045898
25325.049721975396 100.4003219604492
25398.669052562534 127.9045181274414
25472.288383149673 133.9225463867188
25545.90771373681 133.646728515625
25619.52704432395 137.3000183105469
25693.146374911084 144.1120910644531
25766.765705498223 147.1433868408203
25840.38503608536 159.4528198242188
25914.0043666725 166.1058197021484
25987.623697259638 205.1748199462891
26061.243027846776 238.8966827392578
26134.86235843391 272.8088073730469
26208.48168902105 313.6754760742188
26282.101019608188 350.1998901367188
26355.720350195326 388.1196594238281
26429.339680782465 419.1388549804688
26502.959011369603 448.3535766601562
26576.578341956738 471.3811340332031
26650.197672543876 498.8465881347656
26723.817003131015 532.1458740234375
26797.436333718153 510.4928283691406
26871.05566430529 461.1064453125
26944.67499489243 423.1794738769531
27018.294325479565 383.4629516601562
27091.913656066703 360.5856018066406
27165.53298665384 328.8685302734375
27239.15231724098 289.622802734375
27312.771647828118 259.5257263183594
27386.390978415257 240.9689636230469
27460.01030900239 222.4461975097656
27533.62963958953 195.5666961669922
27607.248970176668 174.3126831054688
27680.868300763806 148.9658966064453
27754.487631350945 135.3901519775391
27828.106961938083 120.1515655517578
27901.726292525218 114.7501678466797
27975.345623112356 106.7976913452148
28048.964953699495 106.4610824584961
28122.584284286633 102.9966659545898
28196.20361487377 96.15863800048828
28269.82294546091 93.99989318847656
28343.442276048045 90.7308349609375
28417.061606635183 72.23947143554688
28490.68093722232 47.80661392211914
28564.30026780946 23.11105346679688
28637.9195983966 16.24079513549805
28711.538928983733 27.84463119506836
28785.15825957087 51.54284286499023
28858.77759015801 68.71988677978516
28932.39692074515 86.21198272705078
29006.016251332287 98.43212127685547
29079.635581919425 106.1079483032227
29153.25491250656 105.9375305175781
29226.874243093698 102.9387893676758
29300.493573680837 106.1450042724609
29374.112904267975 104.2578811645508
29447.732234855113 104.545524597168
29521.35156544225 112.3100891113281
29594.970896029386 113.6955413818359
29668.590226616525 124.2847747802734
29742.209557203663 163.7661437988281
29815.8288877908 209.6117706298828
29889.44821837794 247.65966796875
29963.06754896508 284.8554992675781
30036.686879552213 318.4615173339844
30110.30621013935 342.9581909179688
30183.92554072649 367.72802734375
30257.54487131363 416.6683959960938
30331.164201900767 467.4937133789062
30404.783532487905 501.1138610839844
30478.40286307504 543.843505859375
30552.02219366218 565.3019409179688
30625.641524249317 524.3106079101562
30699.260854836455 483.6175231933594
30772.880185423594 439.6473999023438
30846.499516010732 411.3364562988281
30920.118846597867 383.8616333007812
30993.738177185005 351.1539306640625
31067.357507772143 328.3339233398438
31140.976838359282 308.5034790039062
31214.59616894642 270.5061340332031
31288.21549953356 230.5780487060547
31361.834830120693 194.4297027587891
31435.45416070783 147.6916961669922
31509.07349129497 124.2704620361328
31582.69282188211 118.3368988037109
31656.312152469247 117.1126022338867
31729.931483056385 113.765007019043
31803.55081364352 106.7701034545898
31877.17014423066 104.5960998535156
31950.789474817797 95.6943588256836
32024.408805404935 96.69087219238281
32098.028135992074 91.191162109375
32171.647466579212 82.79126739501953
32245.266797166347 69.80314636230469
32318.886127753485 87.16352844238281
32392.505458340624 113.9918518066406
32466.124788927762 84.81160736083984
32539.7441195149 74.93756866455078
32613.36345010204 70.66133880615234
32686.982780689174 67.37548828125
32760.602111276312 67.77979278564453
32834.221441863454 69.10736846923828
32907.84077245059 62.49940872192383
32981.46010303772 58.48272705078125
33055.079433624865 56.37603378295898
33128.698764212 51.48456192016602
33202.31809479914 50.43505859375
33275.93742538628 49.14613723754883
33349.55675597341 45.79199600219727
33423.176086560554 39.26126480102539
33496.79541714769 34.0254020690918
33570.41474773483 34.08874130249023
33644.034078321965 25.79940223693848
33717.65340890911 19.17737197875977
33791.27273949624 15.96569347381592
33864.89207008338 14.5573263168335
33938.51140067052 12.94083976745605
34012.130731257654 10.73009490966797
34085.750061844796 11.84995460510254
34159.36939243193 10.09513568878174
34232.988723019065 10.03466796875
34306.60805360621 7.991257667541504
34380.22738419334 7.369097709655762
34453.846714780484 6.234726428985596
34527.46604536762 6.762123584747314
34601.08537595476 6.969300270080566
34674.704706541896 6.866139888763428
34748.32403712903 6.895345211029053
34821.94336771617 7.573412895202637
34895.56269830331 6.845323085784912
34969.18202889045 6.754086017608643
35042.801359477584 5.461723327636719
35116.42069006472 5.664267539978027
35190.04002065186 5.603058338165283
35263.659351238995 7.250436305999756
35337.27868182614 7.919555187225342
35410.89801241327 7.349975109100342
35484.517343000414 8.302896499633789
35558.13667358755 8.814340591430664
35631.756004174684 8.072691917419434
35705.375334761826 6.830570220947266
35778.99466534896 7.980397701263428
35852.6139959361 10.02800464630127
35926.23332652324 8.132462501525879
35999.85265711037 7.825923919677734
36073.471987697514 10.04624557495117
36147.09131828465 9.113123893737793
36220.71064887179 8.83863639831543
36294.329979458926 11.89143753051758
36367.94931004607 10.0518274307251
36441.5686406332 10.06484222412109
36515.18797122034 9.411866188049316
36588.80730180748 13.2060546875
36662.426632394614 12.23475456237793
36736.045962981756 15.04480171203613
36809.66529356889 15.36259651184082
36883.284624156026 18.18835258483887
36956.90395474317 18.78895378112793
37030.5232853303 19.64682006835938
37104.142615917444 21.24967956542969
37177.76194650458 22.49919509887695
37251.38127709172 33.03963470458984
37325.000607678856 30.34028434753418
37398.61993826599 26.33110809326172
37472.23926885313 30.48299217224121
37545.85859944027 31.15831565856934
37619.47793002741 35.10060119628906