0,467.6914062
83.06066536203522,469.0393982
166.12133072407045,471.0232544
249.18199608610567,473.5717468
332.2426614481409,476.6740417
415.30332681017615,472.6469116
498.36399217221134,470.5136108
581.4246575342465,473.3462219
664.4853228962818,476.7059021
747.545988258317,479.12677
830.6066536203523,479.7576904
913.6673189823874,478.8251038
996.7279843444227,476.9025879
1079.7886497064578,475.9329834
1162.849315068493,475.3841858
1245.9099804305283,474.8772278
1328.9706457925636,474
1412.0313111545988,473.9965515
1495.091976516634,472.3092957
1578.1526418786693,471.654541
1661.2133072407046,471.4752808
1744.2739726027396,471.1077271
1827.3346379647749,471.0172119
1910.39530332681,471.8093872
1993.4559686888454,472
2076.5166340508804,471.0873413
2159.5772994129156,472.1850281
2242.637964774951,473.3893433
2325.698630136986,475.4092102
2408.7592954990214,475.925354
2491.8199608610566,476.1464844
2574.880626223092,478.2876587
2657.941291585127,478.9211731
2741.0019569471624,480.5331421
2824.0626223091976,481
2907.123287671233,481.0873718
2990.183953033268,481.9645081
3073.2446183953034,482.1446228
3156.3052837573387,482.697113
3239.365949119374,484.6372681
3322.426614481409,486.2129211
3405.487279843444,489.1468201
3488.547945205479,490.9522705
3571.6086105675145,491.6735229
3654.6692759295497,492.743927
3737.729941291585,494.1276855
3820.79060665362,495.0057678
3903.8512720156555,496.4162903
3986.9119373776907,498.7131348
4069.972602739726,500.3553467
4153.033268101761,502.6196594
4236.093933463796,504.9692078
4319.154598825831,505.1599121
4402.2152641878665,505.34021
4485.275929549902,505.5513916
4568.336594911937,504.8295288
4651.397260273972,507.0560303
4734.4579256360075,509.8279724
4817.518590998043,510.7218323
4900.579256360078,512.1801147
4983.639921722113,513.6864014
5066.7005870841485,517.7974243
5149.761252446184,522.0280762
5232.821917808219,526.3327026
5315.882583170254,528.6697388
5398.9432485322895,527.8822021
5482.003913894325,525.1237183
5565.06457925636,520.3078003
5648.125244618395,514.4117432
5731.185909980431,509.6577759
5814.246575342466,512.7822266
5897.307240704501,514.0974731
5980.367906066536,511.7567444
6063.428571428572,507.5727234
6146.489236790607,506.2910767
6229.549902152642,505.1144714
6312.610567514677,504.923645
6395.671232876713,503.873291
6478.731898238748,500.1282043
6561.792563600783,499.722229
6644.853228962818,501.0264282
6727.913894324853,502.5132141
6810.974559686888,502.6663818
6894.035225048923,502.8405762
6977.095890410958,504.7945557
7060.156555772994,506.669281
7143.217221135029,508.3622437
7226.277886497064,509.9746094
7309.338551859099,511.3875732
7392.399217221135,513.4098511
7475.45988258317,514.3585815
7558.520547945205,514.3279419
7641.58121330724,512.0819702
7724.641878669276,511.1341553
7807.702544031311,511.5294189
7890.763209393346,513.0762329
7973.823874755381,513.4985962
8056.884540117417,514.550293
8139.945205479452,516.8135986
8223.005870841487,519.079895
8306.066536203522,519.0118408
8389.127201565558,517.4736328
8472.187866927592,518.050354
8555.248532289628,518.6603394
8638.309197651663,519.9050903
8721.369863013699,519.5335693
8804.430528375733,521.977417
8887.49119373777,524.5099487
8970.551859099804,524.2258911
9053.61252446184,526.0987549
9136.673189823874,527.7869263
9219.73385518591,528.4688721
9302.794520547945,529.2833862
9385.85518590998,529.3942871
9468.915851272015,529.9115601
9551.976516634051,530.8658447
9635.037181996086,531.3145752
9718.097847358122,532.9881592
9801.158512720156,536.7580566
9884.219178082192,541.5289917
9967.279843444227,545.3220215
10050.340508806263,547.6206055
10133.401174168297,547.9511719
10216.461839530333,547
10299.522504892368,547.569458
10382.583170254404,549.1484985
10465.643835616438,550.7074585
10548.704500978474,551.352356
10631.765166340509,550.1156616
10714.825831702543,549.3331909
10797.886497064579,549.6876221
10880.947162426613,551.2803955
10964.00782778865,554.5545654
11047.068493150684,560.6787109
11130.12915851272,565.6655884
11213.189823874754,569.8739014
11296.25048923679,574.9515991
11379.311154598825,575.8286133
11462.371819960861,576.5780029
11545.432485322895,578.5567017
11628.493150684932,579.8041382
11711.553816046966,581.3944092
11794.614481409002,584.7471924
11877.675146771036,588.9783325
11960.735812133073,591.2438354
12043.796477495107,592.9180908
12126.857142857143,596.5435791
12209.917808219177,601.0171509
12292.978473581214,604.0238647
12376.039138943248,607.5109863
12459.099804305284,611.4039307
12542.160469667318,612.9576416
12625.221135029355,616.291748
12708.281800391389,620.5111694
12791.342465753425,624.520813
12874.40313111546,628.0995483
12957.463796477496,632.4894409
13040.52446183953,634.9157104
13123.585127201566,635.6071777
13206.6457925636,634.7073364
13289.706457925637,634.102478
13372.767123287671,632.6121826
13455.827788649705,631.8034668
13538.888454011741,629.2384644
13621.949119373776,627.9983521
13705.009784735812,628.7263794
13788.070450097846,632.9526367
13871.131115459882,633.9987183
13954.191780821917,632.7198486
14037.252446183953,633.9298096
14120.313111545987,634.7409058
14203.373776908024,636.81427
14286.434442270058,640.8691406
14369.495107632094,643.4801636
14452.555772994128,646.4217529
14535.616438356165,649.9205933
14618.677103718199,655.793457
14701.737769080235,661.3845825
14784.79843444227,667.3466187
14867.859099804306,673.9899292
14950.91976516634,680.3546143
15033.980430528376,688.6322632
15117.04109589041,698.9054565
15200.101761252447,709.4570312
15283.16242661448,718.5678101
15366.223091976517,724.9180298
15449.283757338551,729.1226807
15532.344422700588,742.7097778
15615.405088062622,750.8526611
15698.465753424658,760.9780884
15781.526418786692,770.6518555
15864.587084148729,782.5331421
15947.647749510763,794.1787109
16030.708414872797,808.263916
16113.769080234833,821.4561157
16196.829745596868,830.6913452
16279.890410958904,834.0018311
16362.951076320938,832.3719482
16446.011741682974,834.5674438
16529.07240704501,840.2206421
16612.133072407043,841.1997681
16695.19373776908,840.8048706
16778.254403131115,843.7842407
16861.31506849315,845.8738403
16944.375733855184,847.1126099
17027.436399217222,844.0197754
17110.497064579256,846.8148193
17193.55772994129,852.6705322
17276.618395303325,855.930603
17359.679060665363,857.6621704
17442.739726027397,860.9362793
17525.80039138943,862.5991821
17608.861056751466,862.4656982
17691.921722113504,861.7723999
17774.98238747554,855.4584351
17858.043052837573,846.2353516
17941.103718199607,839.2307739
18024.164383561645,833.9720459
18107.22504892368,828.3297119
18190.285714285714,821.5219116
18273.346379647748,815.0796509
18356.407045009786,807.545105
18439.46771037182,802.255127
18522.528375733855,798.8550415
18605.58904109589,797.3822021
18688.649706457923,793.3947144
18771.71037181996,791.734436
18854.771037181996,791.2722778
18937.83170254403,789.5498657
19020.892367906064,786.6715088
19103.953033268102,784.1954956
19187.013698630137,781.6000977
19270.07436399217,780.5942383
19353.135029354205,783.2266846
19436.195694716243,780.7588501
19519.256360078278,775.03479
19602.317025440312,772.5753784
19685.377690802346,773.758606
19768.438356164384,774.7180786
19851.49902152642,774.3362427
19934.559686888453,769.9486694
20017.620352250487,764.2907715
20100.681017612525,757.0531006
20183.74168297456,750.3873291
20266.802348336594,744.1758423
20349.86301369863,738.9666748
20432.923679060666,735.8618164
20515.9843444227,734.1853027
20599.045009784735,731.828125
20682.10567514677,729.2299194
20765.166340508807,725.4933472
20848.227005870842,720.7251587
20931.287671232876,711.6401978
21014.34833659491,706.8977661
21097.40900195695,708.9641113
21180.469667318983,707.4545898
21263.530332681017,705.5889282
21346.59099804305,703.2005005
21429.651663405086,694.5532837
21512.712328767124,690.3633423
21595.772994129158,687.9935913
21678.833659491193,686.3826294
21761.894324853227,686.5522461
21844.954990215265,688.4088135
21928.0156555773,686.1791992
22011.076320939334,681.3447266
22094.136986301368,677.305603
22177.197651663406,671.1060181
22260.25831702544,661.3065186
22343.318982387475,654.9406128
22426.37964774951,648.3340454
22509.440313111547,642.008606
22592.50097847358,637.0772705
22675.561643835616,636.7781982
22758.62230919765,634.644043
22841.682974559688,633.9987183
22924.743639921722,633.9767456
23007.804305283757,632.9643555
23090.86497064579,632.9276123
23173.92563600783,633.1335449
23256.986301369863,633.9528198
23340.046966731898,633.9415283
23423.107632093932,635.4961548
23506.16829745597,636.8579102
23589.228962818004,638.3161621
23672.28962818004,644.3355713
23755.350293542073,650.6530762
23838.41095890411,657.7670898
23921.471624266145,664.5968018
24004.53228962818,675.2772217
24087.592954990214,679.7455444
24170.65362035225,683.1148682
24253.714285714286,687.522644
24336.77495107632,687.7018433
24419.835616438355,686.1226196
24502.89628180039,686.9978638
24585.956947162427,689.0143433
24669.01761252446,691.1311035
24752.078277886496,698.0548706
24835.13894324853,704.7719727
24918.19960861057,705.2073975
25001.260273972603,709.4998169
25084.320939334637,712.1325073
25167.38160469667,713.2954102
25250.44227005871,714.2366943
25333.502935420744,710.3739014
25416.563600782778,712.9735107
25499.624266144812,716.6601562
25582.68493150685,723.5058594
25665.745596868885,728.411438
25748.80626223092,730.2639771
25831.866927592953,731.3034668
25914.92759295499,730.4348755
25997.988258317026,731.3566284
26081.04892367906,732.420105
26164.109589041094,731.5021973
26247.170254403132,731.0273438
26330.230919765167,729.3251953
26413.2915851272,728.430603
26496.352250489235,727.4368896
26579.412915851273,731.0785522
26662.473581213308,732.7598267
26745.534246575342,729.1129761
26828.594911937376,724.2242432
26911.65557729941,716.3425293
26994.71624266145,709.9972534
27077.776908023483,704.9371948
27160.837573385517,696.617981
27243.89823874755,691.8701782
27326.95890410959,686.7943115
27410.019569471624,679.2293091
27493.08023483366,675.6161499
27576.140900195693,668.1936646
27659.20156555773,665.6990967
27742.262230919765,662.8913574
27825.3228962818,660.8629761
27908.383561643834,659.3743286
27991.44422700587,656.579834
28074.504892367906,652.2227783
28157.56555772994,645.5722656
28240.626223091975,641.0224609
28323.686888454013,638.9273682
28406.747553816047,635.3770142
28489.80821917808,629.1383667
28572.868884540116,620.7071533
28655.929549902154,618.2095947
28738.990215264188,621.7246094
28822.050880626222,618.4851685
28905.111545988257,609.4303589
28988.172211350295,606.5445557
29071.23287671233,603.7167969
29154.293542074363,599.9047852
29237.354207436398,597.7768555
29320.414872798432,594.9196777
29403.47553816047,590.7900391
29486.536203522504,587.2537231
29569.59686888454,584.7144165
29652.657534246573,583.6298218
29735.71819960861,581.2330933
29818.778864970645,578.2034912
29901.83953033268,575.2922363
29984.900195694714,573.4620361
30067.960861056752,571.9090576
30151.021526418786,569.8265991
30234.08219178082,567.7356567
30317.142857142855,567.0959473
30400.203522504893,566.6878662
30483.264187866927,566.2193604
30566.32485322896,564.9726562
30649.385518590996,562.6178589
30732.446183953034,561.2451172
30815.50684931507,559.7124634
30898.567514677103,557.987854
30981.628180039137,556.0422363
31064.688845401175,556.7297363
31147.74951076321,555.3382568
31230.810176125244,554.7241821
31313.870841487278,553.5566406
31396.931506849316,553.5360718
31479.99217221135,552.934021
31563.052837573385,551.3336792
31646.11350293542,547.5654297
31729.174168297457,544.9260864
31812.23483365949,540.4625854
31895.295499021526,537.7160034
31978.35616438356,537.5580444
32061.416829745594,537.3852539
32144.477495107632,538.6419067
32227.538160469667,539.5845337
32310.5988258317,537.9672241
32393.659491193735,536.6825562
32476.720156555773,536.2576294
32559.780821917808,533.1982422
32642.841487279842,532.0622559
32725.902152641876,535.1907349
32808.962818003914,536.9058228
32892.02348336595,538.3619385
32975.08414872798,537.0020752
33058.14481409002,535.8691406
33141.20547945205,533.8748169
33224.266144814086,533.8805542
33307.32681017613,533.3280029
33390.38747553816,531.9065552
33473.4481409002,531.5244751
33556.50880626223,529.5575562
33639.569471624265,528.7035522
33722.6301369863,527.9590454
33805.690802348334,526.2057495
33888.75146771037,524.3729858
33971.81213307241,524.4453735
34054.872798434444,522.2884521
34137.93346379648,519.6060791
34220.99412915851,519.9586182
34304.05479452055,518.7272339
34387.11545988258,518.4337769
34470.176125244616,517.593811
34553.23679060665,519.0671387
34636.297455968685,519.0947266
34719.358121330726,517.0786743
34802.41878669276,515.0792236
34885.479452054795,513.7666626
34968.54011741683,513.4073486
35051.60078277886,511.675415
35134.6614481409,510.8927307
35217.72211350293,511.9302673
35300.78277886497,514.2681885
35383.84344422701,514.8849487
35466.90410958904,514.1008301
35549.96477495108,511.8481445
35633.02544031311,510.2498169
35716.086105675146,508.5447998
35799.14677103718,506.7410278
35882.207436399214,504.1200256
35965.26810176125,502.5751343
36048.32876712329,502.5737305
36131.389432485325,502.4656067
36214.45009784736,501.3128967
36297.51076320939,499.9379272
36380.57142857143,500.15979
36463.63209393346,503.2989502
36546.692759295496,505.894104
36629.75342465753,503.2440491
36712.81409001957,504.3256836
36795.87475538161,506.3957825
36878.93542074364,511.8804321
36961.996086105675,517.163208
37045.05675146771,519.5236816
37128.117416829744,517.9050903
37211.17808219178,518.328125
37294.23874755381,521.543396
37377.29941291585,526.2176514
37460.36007827789,528
37543.42074363992,528.5223999
37626.48140900196,526.0733643
37709.54207436399,522.2831421
37792.602739726026,518.3630371
37875.66340508806,514.2086792
37958.724070450095,512.3469238
38041.78473581213,510.0820618
38124.84540117417,508.8675537
38207.906066536205,506.4711914
38290.96673189824,505.0092468
38374.02739726027,506.3452454
38457.08806262231,504.5205078
38540.14872798434,504.6465759
38623.20939334638,504.404541
38706.27005870841,501.6838379
38789.33072407045,500.0975647
38872.39138943249,498.1774292
38955.45205479452,496.3062744
39038.512720156556,495
39121.57338551859,494.03479
39204.634050880624,491.9844971
39287.69471624266,490.9115295
39370.75538160469,489.4564514
39453.816046966735,487.182312
39536.87671232877,485.1374512
39619.9373776908,483.5713501
39702.99804305284,481.9854736
39786.05870841487,481.9798584
39869.119373776906,481.5767212
39952.18003913894,481
40035.240704500975,480.9483948
40118.30136986301,479.8709717
40201.36203522505,478.746582
40284.422700587085,477.0973511
40367.48336594912,475.7522583
40450.544031311154,474.9265747
40533.60469667319,473.1072083
40616.66536203522,471.6056519
40699.72602739726,470.3210754
40782.78669275929,471.5046997
40865.84735812133,472.0100708
40948.90802348337,471.2644348
41031.9686888454,471
41115.029354207436,471.7880554
41198.09001956947,472.3894043
41281.150684931505,472.8181458
41364.21135029354,473.7841797
41447.27201565557,474.6989441
41530.332681017615,475.2747192
41613.39334637965,476.5012512
41696.454011741684,475.9997253
41779.51467710372,477.3901978
41862.57534246575,478.8198242
41945.63600782779,479.4844055
42028.69667318982,479.6136169
42111.757338551855,477.3213501
42194.8180039139,474.231781
42277.87866927593,470.8664856
42360.939334637966,471.2852173
42444.0,475.6779785
