0 551.7276000976562
641.4692202309087 443.1753845214844
1282.9384404618174 412.8612976074219
1924.407660692726 376.77880859375
2565.876880923635 312.6382141113281
3207.3461011545437 396.4473266601562
3848.815321385452 470.6025085449219
4490.284541616361 434.071044921875
5131.75376184727 347.5821228027344
5773.222982078179 302.5046691894531
6414.692202309087 310.0414428710938
7056.161422539996 320.154296875
7697.630642770904 345.7066955566406
8339.099863001813 331.5886840820312
8980.569083232722 341.9921569824219
9622.03830346363 352.3268432617188
10263.50752369454 420.041259765625
10904.976743925448 378.5220031738281
11546.445964156357 399.5042419433594
12187.915184387266 420.5137634277344
12829.384404618175 414.607177734375
13470.853624849084 424.5097045898438
14112.322845079992 440.685546875
14753.792065310901 461.8560180664062
15395.261285541808 464.1466674804688
16036.730505772717 496.2496948242188
16678.199726003626 474.9822692871094
17319.668946234535 482.1805725097656
17961.138166465444 648.5747680664062
18602.607386696352 590.466552734375
19244.07660692726 431.8774719238281
19885.54582715817 429.4731750488281
20527.01504738908 378.5832214355469
21168.484267619988 381.9062194824219
21809.953487850897 321.777587890625
22451.422708081805 226.4992980957031
23092.891928312714 265.2047424316406
23734.361148543623 213.4012145996094
24375.830368774532 220.0233612060547
25017.29958900544 220.2640991210938
25658.76880923635 216.4761962890625
26300.23802946726 223.7756652832031
26941.707249698167 226.9156799316406
27583.176469929076 225.7399749755859
28224.645690159985 230.1786651611328
28866.114910390894 224.6169128417969
29507.584130621803 231.7290191650391
30149.05335085271 232.0965423583984
30790.522571083617 250.4677124023438
31431.991791314525 247.0676879882812
32073.461011545434 237.6323699951172
32714.930231776343 245.300537109375
33356.39945200725 246.5293579101562
33997.86867223816 245.068359375
34639.33789246907 254.6370544433594
35280.80711269998 257.1379089355469
35922.27633293089 262.3636169433594
36563.745553161796 268.2750549316406
37205.214773392705 273.0422973632812
37846.683993623614 306.6914367675781
38488.15321385452 382.4053955078125
39129.62243408543 421.8983459472656
39771.09165431634 388.4864807128906
40412.56087454725 308.7828369140625
41054.03009477816 318.4906921386719
41695.49931500907 321.3047180175781
42336.968535239976 321.5136413574219
42978.437755470884 329.5426025390625
43619.90697570179 334.9498291015625
44261.3761959327 350.8670349121094
44902.84541616361 384.2897338867188
45544.31463639452 402.4957885742188
46185.78385662543 386.7552795410156
46827.25307685634 414.7977600097656
47468.722297087246 408.5118713378906
48110.191517318155 405.4124755859375
48751.660737549064 414.7100524902344
49393.12995777997 419.0314025878906
50034.59917801088 427.9270629882812
50676.06839824179 431.5040588378906
51317.5376184727 438.7215576171875
51959.00683870361 455.0375061035156
52600.47605893452 466.3367919921875
53241.945279165426 490.15966796875
53883.414499396335 499.4941101074219
54524.88371962724 527.9605102539062
55166.35293985815 561.9984741210938
55807.82216008906 563.5413208007812
56449.29138031997 602.3356323242188
57090.76060055088 659.6340942382812
57732.22982078179 709.1190795898438
58373.6990410127 761.6409301757812
59015.168261243605 779.0574951171875
59656.637481474514 832.2373046875
60298.10670170542 846.9035034179688
60939.57592193633 871.6324462890625
61581.04514216723 937.8104858398438
62222.51436239814 1018.234252929688
62863.98358262905 1031.437866210938
63505.45280285996 1095.786865234375
64146.92202309087 1190.904174804688
64788.39124332178 1195.81982421875
65429.860463552686 1257.555297851562
66071.3296837836 1280.263793945312
66712.7989040145 1298.877075195312
67354.26812424541 1357.272094726562
67995.73734447632 1399.6318359375
68637.20656470723 1407.286743164062
69278.67578493814 1514.8955078125
69920.14500516905 1575.68701171875
70561.61422539996 1577.549194335938
71203.08344563087 1612.656860351562
71844.55266586177 1624.61181640625
72486.02188609268 1639.577392578125
73127.49110632359 1632.497436523438
73768.9603265545 1705.725341796875
74410.42954678541 1782.034912109375
75051.89876701632 1943.2578125
75693.36798724723 2039.501098632812
76334.83720747814 2056.9736328125
76976.30642770905 2093.238525390625
77617.77564793995 2140.689208984375
78259.24486817086 1981.642944335938
78900.71408840177 1898.1513671875
79542.18330863268 1737.292724609375
80183.65252886359 1613.853149414062
80825.1217490945 1608.032470703125
81466.5909693254 1611.157836914062
82108.06018955632 1607.6396484375
82749.52940978722 1595.8203125
83390.99863001813 1564.493041992188
84032.46785024904 1574.832641601562
84673.93707047995 1555.76220703125
85315.40629071086 1549.955200195312
85956.87551094177 1523.739013671875
86598.34473117268 1526.34619140625
87239.81395140359 1511.67919921875
87881.2831716345 1502.600219726562
88522.7523918654 1500.439208984375
89164.22161209631 1495.474609375
89805.69083232722 1472.289184570312
90447.16005255813 1460.33447265625
91088.62927278904 1462.541137695312
91730.09849301995 1463.277709960938
92371.56771325086 1453.288452148438
93013.03693348177 1457.886962890625
93654.50615371267 1404.85595703125
94295.97537394358 1406.978637695312
94937.44459417449 1408.399169921875
95578.9138144054 1408.403930664062
96220.38303463631 1371.5458984375
96861.85225486722 1342.875732421875
97503.32147509813 1339.487915039062
98144.79069532904 1312.90869140625
98786.25991555995 1469.743041992188
99427.72913579085 1213.403686523438
100069.19835602176 1301.31298828125
100710.66757625267 1207.640502929688
101352.13679648358 1221.326049804688
101993.60601671449 1049.0693359375
102635.0752369454 994.923828125
103276.54445717631 1016.026550292969
103918.01367740722 1001.982727050781
104559.48289763812 993.3404541015625
105200.95211786903 969.6287231445312
105842.42133809994 948.7337646484375
106483.89055833085 938.6766357421875
107125.35977856176 930.8605346679688
107766.82899879267 931.208984375
108408.29821902358 968.5155029296875
109049.76743925449 928.9732666015625
109691.2366594854 897.4153442382812
110332.7058797163 913.0457763671875
110974.17509994721 974.964111328125
111615.64432017812 864.675048828125
112257.11354040903 1111.820068359375
112898.58276063994 1054.619140625
113540.05198087085 799.2412719726562
114181.52120110176 688.5166625976562
114822.99042133267 676.3723754882812
115464.45964156358 665.3138427734375
116105.92886179448 660.6380004882812
116747.3980820254 659.9404296875
117388.8673022563 650.0982666015625
118030.33652248721 650.5537719726562
118671.80574271812 647.0604858398438
119313.27496294903 636.97412109375
119954.74418317994 635.202880859375
120596.21340341085 631.4183349609375
121237.68262364175 635.0825805664062
121879.15184387266 629.8880004882812
122520.62106410357 619.6012573242188
123162.09028433447 618.4706420898438
123803.55950456538 617.5642700195312
124445.02872479628 674.0553588867188
125086.4979450272 1032.877685546875
125727.9671652581 1143.075927734375
126369.43638548901 909.4193115234375
127010.90560571992 593.8804931640625
127652.37482595083 593.0264282226562
128293.84404618174 593.695556640625
128935.31326641265 626.806640625
129576.78248664355 613.4151000976562
130218.25170687446 604.3890380859375
130859.72092710537 588.5432739257812
131501.19014733628 590.9346313476562
132142.6593675672 589.1861572265625
132784.1285877981 579.74560546875
133425.597808029 572.9860229492188
134067.06702825992 575.012451171875
134708.53624849083 573.1096801757812
135350.00546872173 573.1180419921875
135991.47468895264 570.1900024414062
136632.94390918355 568.7374877929688
137274.41312941446 568.009033203125
137915.88234964537 565.433837890625
138557.35156987628 562.7341918945312
139198.8207901072 556.0025634765625
139840.2900103381 557.71826171875
140481.759230569 561.6517333984375
141123.2284507999 567.2520751953125
141764.69767103082 560.6677856445312
142406.16689126173 556.2904052734375
143047.63611149264 546.0108642578125
143689.10533172355 544.6734619140625
144330.57455195446 542.6607666015625
144972.04377218537 541.585693359375
145613.51299241628 538.6475830078125
146254.98221264718 540.73828125
146896.4514328781 541.5447387695312
147537.920653109 533.201416015625
148179.3898733399 529.7681274414062
148820.85909357082 526.1986694335938
149462.32831380173 523.6814575195312
150103.79753403264 521.8344116210938
150745.26675426355 525.6373291015625
151386.73597449446 525.1654052734375
152028.20519472536 517.4783325195312
152669.67441495627 519.29345703125
153311.14363518718 513.8590087890625
153952.6128554181 510.65966796875
154594.082075649 507.6201477050781
155235.5512958799 505.7742309570312
155877.02051611082 503.4031677246094
156518.48973634173 500.0465087890625
157159.95895657263 501.8194580078125
157801.42817680354 498.2839050292969
158442.89739703445 493.3239135742188
159084.36661726536 491.6949157714844
159725.83583749627 490.11376953125
160367.30505772718 487.4241638183594
161008.7742779581 485.7846374511719
161650.243498189 485.522705078125
162291.7127184199 483.6728515625
162933.1819386508 484.7723388671875
163574.65115888172 485.6443176269531
164216.12037911263 485.3271789550781
164857.58959934354 485.5704345703125
165499.05881957445 478.83056640625
166140.52803980536 476.68798828125
166781.99726003627 480.8836364746094
167423.46648026718 476.1567687988281
168064.93570049808 474.6414489746094
168706.404920729 471.0734252929688
169347.8741409599 474.7331237792969
169989.3433611908 471.5547180175781
170630.81258142172 469.0713500976562
171272.28180165263 468.5101623535156
171913.75102188354 470.4479064941406
172555.22024211445 464.9646301269531
173196.68946234536 460.9900207519531
173838.15868257626 458.338623046875
174479.62790280717 465.7534790039062
175121.09712303808 453.9832763671875
175762.566343269 456.5408630371094
176404.0355634999 454.7441101074219
177045.5047837308 452.0499267578125
177686.97400396172 452.0240478515625
178328.44322419263 452.4043884277344
178969.91244442353 446.4699096679688
179611.38166465444 445.6790771484375
180252.85088488535 447.2888488769531
180894.32010511626 446.7576293945312
181535.78932534717 445.1549682617188
182177.25854557808 446.2546691894531
182818.727765809 446.0996398925781
183460.1969860399 446.5167236328125
184101.6662062708 438.6535949707031
184743.1354265017 438.8621520996094
185384.60464673262 441.1878051757812
186026.07386696353 442.177978515625
186667.54308719444 435.7247619628906
187309.01230742535 437.1167602539062
187950.48152765626 437.5905456542969
188591.95074788717 433.2929992675781
189233.41996811808 435.1608581542969
189874.88918834899 435.1250610351562
190516.3584085799 430.7304992675781
191157.8276288108 437.0839233398438
191799.2968490417 439.6977844238281
192440.76606927262 427.8030700683594
193082.23528950353 427.0372314453125
193723.70450973444 425.7871398925781
194365.17372996535 425.3226013183594
195006.64295019626 424.7367553710938
195648.11217042716 423.1383056640625
196289.58139065807 421.5338439941406
196931.05061088898 419.7511901855469
197572.5198311199 421.4392395019531
198213.9890513508 421.1973266601562
198855.4582715817 420.2169799804688
199496.92749181262 418.8660278320312
200138.39671204353 419.0059814453125
200779.86593227444 419.2891540527344
201421.33515250534 418.0591125488281
202062.80437273625 414.7538146972656
202704.27359296716 413.2978210449219
203345.74281319807 413.0821228027344
203987.21203342898 413.13037109375
204628.6812536599 412.693115234375
205270.1504738908 411.3119201660156
205911.6196941217 411.5690307617188
206553.08891435261 412.0830078125
207194.55813458352 408.804443359375
207836.02735481443 414.4969482421875
208477.49657504534 410.900634765625
209118.96579527625 407.7789611816406
209760.43501550716 409.2179260253906
210401.90423573807 410.3923645019531
211043.37345596898 411.4564208984375
211684.84267619989 413.8225402832031
212326.3118964308 415.9060668945312
212967.7811166617 421.9739074707031
213609.2503368926 415.7632446289062
214250.71955712352 413.4715576171875
214892.18877735443 412.3468627929688
215533.65799758534 409.7902526855469
216175.12721781625 405.9570617675781
216816.59643804716 405.6440124511719
217458.06565827806 406.3719177246094
218099.53487850897 410.5387878417969
218741.00409873988 414.6091613769531
219382.4733189708 411.4032592773438
220023.9425392017 414.3926086425781
220665.4117594326 416.0387878417969
221306.88097966352 417.0440673828125
221948.35019989443 536.2781372070312
222589.81942012534 592.7394409179688
223231.28864035624 630.4923095703125
223872.75786058715 702.9017333984375
224514.22708081806 754.7063598632812
225155.69630104897 740.8748779296875
225797.16552127988 745.4683837890625
226438.6347415108 699.7164916992188
227080.1039617417 598.6703491210938
227721.5731819726 484.47021484375
228363.04240220351 433.3963623046875
229004.51162243442 422.7890014648438
229645.98084266533 407.5807189941406
230287.45006289624 413.1274108886719
230928.91928312715 423.7015075683594
231570.38850335806 455.175537109375
232211.85772358897 460.8408813476562
232853.32694381988 492.3652954101562
233494.7961640508 507.840087890625
234136.2653842817 512.7830810546875
234777.7346045126 502.681396484375
235419.2038247435 514.14794921875
236060.67304497442 514.854736328125
236702.14226520533 528.65087890625
237343.61148543624 539.2684936523438
237985.08070566715 542.035400390625
238626.54992589806 539.8137817382812
239268.01914612897 549.52197265625
239909.48836635987 553.5237426757812
240550.95758659078 539.7335205078125
241192.4268068217 525.9547729492188
241833.8960270526 547.55908203125
242475.3652472835 558.6611938476562
243116.83446751442 562.1873779296875
243758.30368774533 556.9468994140625
244399.77290797624 547.3903198242188
245041.24212820714 559.788330078125
245682.71134843805 575.046875
246324.18056866893 584.4092407226562
246965.64978889984 571.3692626953125
247607.11900913075 563.9971313476562
248248.58822936166 556.2810668945312
248890.05744959257 565.61669921875
249531.52666982348 570.176513671875
250172.9958900544 590.302001953125
250814.4651102853 605.4048461914062
251455.9343305162 599.3643188476562
252097.4035507471 579.2037963867188
252738.87277097802 583.5760498046875
253380.34199120893 600.966064453125
254021.81121143984 601.1718139648438
254663.28043167075 599.1516723632812
255304.74965190166 603.2669067382812
255946.21887213257 611.1535034179688
256587.68809236347 624.4658203125
257229.15731259438 654.22607421875
257870.6265328253 661.6932373046875
258512.0957530562 659.5704956054688
259153.5649732871 663.8900146484375
259795.03419351802 665.5227661132812
260436.50341374893 674.4446411132812
261077.97263397984 673.2686157226562
261719.44185421075 672.9920043945312
262360.9110744417 685.2781982421875
263002.38029467256 690.2376708984375
263643.8495149035 700.0648193359375
264285.3187351344 704.4480590820312
264926.7879553653 697.171142578125
265568.2571755962 716.0794677734375
266209.72639582714 702.3312377929688
266851.195616058 688.976318359375
267492.66483628895 678.3681030273438
268134.13405651983 671.7654418945312
268775.6032767508 665.2166137695312
269417.07249698165 657.8518676757812
270058.5417172126 649.4309692382812
270700.01093744347 649.5844116210938
271341.4801576744 646.38671875
271982.9493779053 645.02294921875
272624.4185981362 642.0433959960938
273265.8878183671 638.1177368164062
273907.35703859804 633.1082763671875
274548.8262588289 645.8460693359375
275190.29547905986 665.7157592773438
275831.76469929074 678.02783203125
276473.2339195217 641.8941040039062
277114.70313975256 635.66552734375
277756.1723599835 639.368408203125
278397.6415802144 660.10791015625
279039.1108004453 633.048583984375
279680.5800206762 623.513427734375
280322.04924090713 619.536376953125
280963.518461138 613.0800170898438
281604.98768136895 613.82080078125
282246.4569015998 608.3023071289062
282887.92612183077 610.4990844726562
283529.39534206165 605.6168212890625
284170.8645622926 602.1705322265625
284812.33378252346 593.1627197265625
285453.8030027544 592.5655517578125
286095.2722229853 599.3268432617188
286736.7414432162 602.9943237304688
287378.2106634471 600.6986083984375
288019.67988367804 597.7864379882812
288661.1491039089 603.9671630859375
289302.61832413985 616.6648559570312
289944.08754437073 624.6175537109375
290585.5567646017 590.8995361328125
291227.02598483255 596.3868408203125
291868.4952050635 594.0062255859375
292509.96442529437 592.058349609375
293151.4336455253 590.4619750976562
293792.9028657562 582.1829223632812
294434.3720859871 567.02783203125
295075.841306218 571.6784057617188
295717.31052644894 569.2986450195312
296358.7797466798 568.9515991210938
297000.24896691076 563.1376953125
297641.71818714164 562.0553588867188
298283.1874073726 559.1345825195312
298924.65662760346 557.9750366210938
299566.1258478344 556.8138427734375
300207.5950680653 555.7822265625
300849.0642882962 554.0313110351562
301490.5335085271 555.0501098632812
302132.00272875803 550.3048095703125
302773.4719489889 547.4319458007812
303414.94116921985 547.37060546875
304056.4103894507 547.07470703125
304697.87960968167 543.1785278320312
305339.34882991255 541.6537475585938
305980.8180501435 540.974853515625
306622.28727037436 539.8108520507812
307263.7564906053 538.6033325195312
307905.2257108362 538.6272583007812
308546.6949310671 534.0130004882812
309188.164151298 536.9553833007812
309829.63337152894 563.12841796875
310471.1025917598 576.99072265625
311112.57181199075 586.17822265625
311754.04103222163 579.7246704101562
312395.5102524526 572.9268798828125
313036.97947268345 565.72216796875
313678.4486929144 566.3451538085938
314319.91791314527 551.2777709960938
314961.3871333762 542.2422485351562
315602.8563536071 535.0604858398438
316244.325573838 531.9080200195312
316885.7947940689 528.4588623046875
317527.26401429984 526.3995971679688
318168.7332345307 523.5382080078125
318810.20245476166 521.8624267578125
319451.67167499254 532.2034301757812
320093.1408952235 524.188232421875
320734.61011545436 532.5031127929688
321376.0793356853 544.05859375
322017.5485559162 534.9237060546875
322659.0177761471 523.4996948242188
323300.486996378 548.7816772460938
323941.95621660893 549.0847778320312
324583.4254368398 544.856201171875
325224.89465707075 542.6113891601562
325866.3638773016 534.8131103515625
326507.83309753257 534.7545776367188
327149.30231776345 534.9364624023438
327790.7715379944 536.4360961914062